1.703115875801375302e-16
1.703115875801375795e-16
3.262433133814885063e-16
9.999999999999980016e-01
9.999999999999996669e-01
9.999999999999996669e-01
1.000000000000012879e+00
1.000000000000021760e+00
2.499999999999985345e+00
2.499999999999994227e+00
2.500000000000004885e+00
2.500000000000015099e+00
2.500000000000015987e+00
2.500000000000022204e+00
2.500000000000053291e+00
4.499999999999968026e+00
4.499999999999972466e+00
4.499999999999988454e+00
4.499999999999993783e+00
4.499999999999994671e+00
4.500000000000001776e+00
4.500000000000001776e+00
4.500000000000015099e+00
4.500000000000016875e+00
6.999999999999975131e+00
6.999999999999986677e+00
6.999999999999990230e+00
6.999999999999993783e+00
6.999999999999993783e+00
6.999999999999995559e+00
6.999999999999996447e+00
7.000000000000000000e+00
7.000000000000003553e+00
7.000000000000007105e+00
7.000000000000016875e+00
9.999999999999973355e+00
9.999999999999992895e+00
9.999999999999994671e+00
1.000000000000000000e+01
1.000000000000000178e+01
1.000000000000000178e+01
1.000000000000000355e+01
1.000000000000000711e+01
1.000000000000000711e+01
1.000000000000000888e+01
1.000000000000001954e+01
1.000000000000002132e+01
1.000000000000003730e+01
1.349999999999997691e+01
1.349999999999998579e+01
1.349999999999999467e+01
1.349999999999999467e+01
1.349999999999999645e+01
1.350000000000000000e+01
1.350000000000000000e+01
1.350000000000000000e+01
1.350000000000000355e+01
1.350000000000000888e+01
1.350000000000001421e+01
1.350000000000001599e+01
1.350000000000002132e+01
1.350000000000002487e+01
1.350000000000004441e+01
1.749999999999997158e+01
1.749999999999997513e+01
1.749999999999997868e+01
1.749999999999998224e+01
1.749999999999998934e+01
1.749999999999998934e+01
1.749999999999998934e+01
1.749999999999999289e+01
1.750000000000000355e+01
1.750000000000000355e+01
1.750000000000001066e+01
1.750000000000001066e+01
1.750000000000001421e+01
1.750000000000002132e+01
1.750000000000002132e+01
1.750000000000002487e+01
1.750000000000004619e+01
2.199999999999995737e+01
2.199999999999996803e+01
2.199999999999997158e+01
2.199999999999997158e+01
2.199999999999997513e+01
2.199999999999997513e+01
2.199999999999997513e+01
2.199999999999997868e+01
2.199999999999998934e+01
2.199999999999999289e+01
2.199999999999999645e+01
2.199999999999999645e+01
2.199999999999999645e+01
2.199999999999999645e+01
2.200000000000001066e+01
2.200000000000001066e+01
2.200000000000003908e+01
2.200000000000004974e+01
2.200000000000007816e+01
2.699999999999995026e+01
2.699999999999997158e+01
2.699999999999998224e+01
2.699999999999998579e+01
2.699999999999998579e+01
2.699999999999998934e+01
2.699999999999998934e+01
2.699999999999998934e+01
2.699999999999998934e+01
2.699999999999999289e+01
2.700000000000000000e+01
2.700000000000000355e+01
2.700000000000001066e+01
2.700000000000001421e+01
2.700000000000001421e+01
2.700000000000002132e+01
2.700000000000002842e+01
2.700000000000003197e+01
2.700000000000003908e+01
2.700000000000003908e+01
2.700000000000004263e+01
3.249999999999988631e+01
3.249999999999988631e+01
3.249999999999992184e+01
3.249999999999992895e+01
3.249999999999996447e+01
3.249999999999997868e+01
3.249999999999998579e+01
3.249999999999998579e+01
3.249999999999998579e+01
3.249999999999999289e+01
3.249999999999999289e+01
3.250000000000001421e+01
3.250000000000001421e+01
3.250000000000002132e+01
3.250000000000002132e+01
3.250000000000002132e+01
3.250000000000002842e+01
3.250000000000002842e+01
3.250000000000003553e+01
3.250000000000004263e+01
3.250000000000005684e+01
3.250000000000007105e+01
3.250000000000007816e+01
3.849999999999990052e+01
3.849999999999994316e+01
3.849999999999995026e+01
3.849999999999995026e+01
3.849999999999995737e+01
3.849999999999996447e+01
3.849999999999996447e+01
3.849999999999996447e+01
3.849999999999998579e+01
3.849999999999999289e+01
3.850000000000000000e+01
3.850000000000000711e+01
3.850000000000000711e+01
3.850000000000001421e+01
3.850000000000001421e+01
3.850000000000002132e+01
3.850000000000003553e+01
3.850000000000004263e+01
3.850000000000004974e+01
3.850000000000004974e+01
3.850000000000004974e+01
3.850000000000005684e+01
3.850000000000005684e+01
3.850000000000006395e+01
3.850000000000013500e+01
4.499999999999990052e+01
4.499999999999992895e+01
4.499999999999995026e+01
4.499999999999995737e+01
4.499999999999996447e+01
4.499999999999997158e+01
4.499999999999997868e+01
4.499999999999997868e+01
4.499999999999998579e+01
4.499999999999999289e+01
4.499999999999999289e+01
4.499999999999999289e+01
4.500000000000000000e+01
4.500000000000001421e+01
4.500000000000001421e+01
4.500000000000001421e+01
4.500000000000001421e+01
4.500000000000002842e+01
4.500000000000003553e+01
4.500000000000004263e+01
4.500000000000004974e+01
4.500000000000004974e+01
4.500000000000005684e+01
4.500000000000005684e+01
4.500000000000007105e+01
4.500000000000007816e+01
4.500000000000011369e+01
