1.457246820036738055e-01 0.000000000000000000e+00 3.957603739966604639e+00
1.457246820036738055e-01 1.963495408493620697e-01 3.957603739966604639e+00
1.457246820036738055e-01 3.926990816987241395e-01 3.957603739966604639e+00
1.457246820036738055e-01 5.890486225480862092e-01 3.957603739966604639e+00
1.457246820036738055e-01 7.853981633974482790e-01 3.957603739966604639e+00
1.457246820036738055e-01 9.817477042468103487e-01 3.957603739966604639e+00
1.457246820036738055e-01 1.178097245096172418e+00 3.957603739966604639e+00
1.457246820036738055e-01 1.374446785945534488e+00 3.957603739966604639e+00
1.457246820036738055e-01 1.570796326794896558e+00 3.957603739966604639e+00
1.457246820036738055e-01 1.767145867644258628e+00 3.957603739966604639e+00
1.457246820036738055e-01 1.963495408493620697e+00 3.957603739966604639e+00
1.457246820036738055e-01 2.159844949342982545e+00 3.957603739966604639e+00
1.457246820036738055e-01 2.356194490192344837e+00 3.957603739966604639e+00
1.457246820036738055e-01 2.552544031041707129e+00 3.957603739966604639e+00
1.457246820036738055e-01 2.748893571891068976e+00 3.957603739966604639e+00
1.457246820036738055e-01 2.945243112740430824e+00 3.957603739966604639e+00
1.457246820036738055e-01 3.141592653589793116e+00 3.957603739966604639e+00
1.457246820036738055e-01 3.337942194439155408e+00 3.957603739966604639e+00
1.457246820036738055e-01 3.534291735288517255e+00 3.957603739966604639e+00
1.457246820036738055e-01 3.730641276137879103e+00 3.957603739966604639e+00
1.457246820036738055e-01 3.926990816987241395e+00 3.957603739966604639e+00
1.457246820036738055e-01 4.123340357836603687e+00 3.957603739966604639e+00
1.457246820036738055e-01 4.319689898685965090e+00 3.957603739966604639e+00
1.457246820036738055e-01 4.516039439535327382e+00 3.957603739966604639e+00
1.457246820036738055e-01 4.712388980384689674e+00 3.957603739966604639e+00
1.457246820036738055e-01 4.908738521234051966e+00 3.957603739966604639e+00
1.457246820036738055e-01 5.105088062083414258e+00 3.957603739966604639e+00
1.457246820036738055e-01 5.301437602932775661e+00 3.957603739966604639e+00
1.457246820036738055e-01 5.497787143782137953e+00 3.957603739966604639e+00
1.457246820036738055e-01 5.694136684631500245e+00 3.957603739966604639e+00
1.457246820036738055e-01 5.890486225480861648e+00 3.957603739966604639e+00
1.457246820036738055e-01 6.086835766330223940e+00 3.957603739966604639e+00
3.344986386876291351e-01 0.000000000000000000e+00 3.778300092292934842e+00
3.344986386876291351e-01 1.963495408493620697e-01 3.778300092292934842e+00
3.344986386876291351e-01 3.926990816987241395e-01 3.778300092292934842e+00
3.344986386876291351e-01 5.890486225480862092e-01 3.778300092292934842e+00
3.344986386876291351e-01 7.853981633974482790e-01 3.778300092292934842e+00
3.344986386876291351e-01 9.817477042468103487e-01 3.778300092292934842e+00
3.344986386876291351e-01 1.178097245096172418e+00 3.778300092292934842e+00
3.344986386876291351e-01 1.374446785945534488e+00 3.778300092292934842e+00
3.344986386876291351e-01 1.570796326794896558e+00 3.778300092292934842e+00
3.344986386876291351e-01 1.767145867644258628e+00 3.778300092292934842e+00
3.344986386876291351e-01 1.963495408493620697e+00 3.778300092292934842e+00
3.344986386876291351e-01 2.159844949342982545e+00 3.778300092292934842e+00
3.344986386876291351e-01 2.356194490192344837e+00 3.778300092292934842e+00
3.344986386876291351e-01 2.552544031041707129e+00 3.778300092292934842e+00
3.344986386876291351e-01 2.748893571891068976e+00 3.778300092292934842e+00
3.344986386876291351e-01 2.945243112740430824e+00 3.778300092292934842e+00
3.344986386876291351e-01 3.141592653589793116e+00 3.778300092292934842e+00
3.344986386876291351e-01 3.337942194439155408e+00 3.778300092292934842e+00
3.344986386876291351e-01 3.534291735288517255e+00 3.778300092292934842e+00
3.344986386876291351e-01 3.730641276137879103e+00 3.778300092292934842e+00
3.344986386876291351e-01 3.926990816987241395e+00 3.778300092292934842e+00
3.344986386876291351e-01 4.123340357836603687e+00 3.778300092292934842e+00
3.344986386876291351e-01 4.319689898685965090e+00 3.778300092292934842e+00
3.344986386876291351e-01 4.516039439535327382e+00 3.778300092292934842e+00
3.344986386876291351e-01 4.712388980384689674e+00 3.778300092292934842e+00
3.344986386876291351e-01 4.908738521234051966e+00 3.778300092292934842e+00
3.344986386876291351e-01 5.105088062083414258e+00 3.778300092292934842e+00
3.344986386876291351e-01 5.301437602932775661e+00 3.778300092292934842e+00
3.344986386876291351e-01 5.497787143782137953e+00 3.778300092292934842e+00
3.344986386876291351e-01 5.694136684631500245e+00 3.778300092292934842e+00
3.344986386876291351e-01 5.890486225480861648e+00 3.778300092292934842e+00
3.344986386876291351e-01 6.086835766330223940e+00 3.778300092292934842e+00
5.243866409035941034e-01 0.000000000000000000e+00 3.462524809551331018e+00
5.243866409035941034e-01 1.963495408493620697e-01 3.462524809551331018e+00
5.243866409035941034e-01 3.926990816987241395e-01 3.462524809551331018e+00
5.243866409035941034e-01 5.890486225480862092e-01 3.462524809551331018e+00
5.243866409035941034e-01 7.853981633974482790e-01 3.462524809551331018e+00
5.243866409035941034e-01 9.817477042468103487e-01 3.462524809551331018e+00
5.243866409035941034e-01 1.178097245096172418e+00 3.462524809551331018e+00
5.243866409035941034e-01 1.374446785945534488e+00 3.462524809551331018e+00
5.243866409035941034e-01 1.570796326794896558e+00 3.462524809551331018e+00
5.243866409035941034e-01 1.767145867644258628e+00 3.462524809551331018e+00
5.243866409035941034e-01 1.963495408493620697e+00 3.462524809551331018e+00
5.243866409035941034e-01 2.159844949342982545e+00 3.462524809551331018e+00
5.243866409035941034e-01 2.356194490192344837e+00 3.462524809551331018e+00
5.243866409035941034e-01 2.552544031041707129e+00 3.462524809551331018e+00
5.243866409035941034e-01 2.748893571891068976e+00 3.462524809551331018e+00
5.243866409035941034e-01 2.945243112740430824e+00 3.462524809551331018e+00
5.243866409035941034e-01 3.141592653589793116e+00 3.462524809551331018e+00
5.243866409035941034e-01 3.337942194439155408e+00 3.462524809551331018e+00
5.243866409035941034e-01 3.534291735288517255e+00 3.462524809551331018e+00
5.243866409035941034e-01 3.730641276137879103e+00 3.462524809551331018e+00
5.243866409035941034e-01 3.926990816987241395e+00 3.462524809551331018e+00
5.243866409035941034e-01 4.123340357836603687e+00 3.462524809551331018e+00
5.243866409035941034e-01 4.319689898685965090e+00 3.462524809551331018e+00
5.243866409035941034e-01 4.516039439535327382e+00 3.462524809551331018e+00
5.243866409035941034e-01 4.712388980384689674e+00 3.462524809551331018e+00
5.243866409035941034e-01 4.908738521234051966e+00 3.462524809551331018e+00
5.243866409035941034e-01 5.105088062083414258e+00 3.462524809551331018e+00
5.243866409035941034e-01 5.301437602932775661e+00 3.462524809551331018e+00
5.243866409035941034e-01 5.497787143782137953e+00 3.462524809551331018e+00
5.243866409035941034e-01 5.694136684631500245e+00 3.462524809551331018e+00
5.243866409035941034e-01 5.890486225480861648e+00 3.462524809551331018e+00
5.243866409035941034e-01 6.086835766330223940e+00 3.462524809551331018e+00
7.145252532340252705e-01 0.000000000000000000e+00 3.021617633420015991e+00
7.145252532340252705e-01 1.963495408493620697e-01 3.021617633420015991e+00
7.145252532340252705e-01 3.926990816987241395e-01 3.021617633420015991e+00
7.145252532340252705e-01 5.890486225480862092e-01 3.021617633420015991e+00
7.145252532340252705e-01 7.853981633974482790e-01 3.021617633420015991e+00
7.145252532340252705e-01 9.817477042468103487e-01 3.021617633420015991e+00
7.145252532340252705e-01 1.178097245096172418e+00 3.021617633420015991e+00
7.145252532340252705e-01 1.374446785945534488e+00 3.021617633420015991e+00
7.145252532340252705e-01 1.570796326794896558e+00 3.021617633420015991e+00
7.145252532340252705e-01 1.767145867644258628e+00 3.021617633420015991e+00
7.145252532340252705e-01 1.963495408493620697e+00 3.021617633420015991e+00
7.145252532340252705e-01 2.159844949342982545e+00 3.021617633420015991e+00
7.145252532340252705e-01 2.356194490192344837e+00 3.021617633420015991e+00
7.145252532340252705e-01 2.552544031041707129e+00 3.021617633420015991e+00
7.145252532340252705e-01 2.748893571891068976e+00 3.021617633420015991e+00
7.145252532340252705e-01 2.945243112740430824e+00 3.021617633420015991e+00
7.145252532340252705e-01 3.141592653589793116e+00 3.021617633420015991e+00
7.145252532340252705e-01 3.337942194439155408e+00 3.021617633420015991e+00
7.145252532340252705e-01 3.534291735288517255e+00 3.021617633420015991e+00
7.145252532340252705e-01 3.730641276137879103e+00 3.021617633420015991e+00
7.145252532340252705e-01 3.926990816987241395e+00 3.021617633420015991e+00
7.145252532340252705e-01 4.123340357836603687e+00 3.021617633420015991e+00
7.145252532340252705e-01 4.319689898685965090e+00 3.021617633420015991e+00
7.145252532340252705e-01 4.516039439535327382e+00 3.021617633420015991e+00
7.145252532340252705e-01 4.712388980384689674e+00 3.021617633420015991e+00
7.145252532340252705e-01 4.908738521234051966e+00 3.021617633420015991e+00
7.145252532340252705e-01 5.105088062083414258e+00 3.021617633420015991e+00
7.145252532340252705e-01 5.301437602932775661e+00 3.021617633420015991e+00
7.145252532340252705e-01 5.497787143782137953e+00 3.021617633420015991e+00
7.145252532340252705e-01 5.694136684631500245e+00 3.021617633420015991e+00
7.145252532340252705e-01 5.890486225480861648e+00 3.021617633420015991e+00
7.145252532340252705e-01 6.086835766330223940e+00 3.021617633420015991e+00
9.047575323895165056e-01 0.000000000000000000e+00 2.471504977610577747e+00
9.047575323895165056e-01 1.963495408493620697e-01 2.471504977610577747e+00
9.047575323895165056e-01 3.926990816987241395e-01 2.471504977610577747e+00
9.047575323895165056e-01 5.890486225480862092e-01 2.471504977610577747e+00
9.047575323895165056e-01 7.853981633974482790e-01 2.471504977610577747e+00
9.047575323895165056e-01 9.817477042468103487e-01 2.471504977610577747e+00
9.047575323895165056e-01 1.178097245096172418e+00 2.471504977610577747e+00
9.047575323895165056e-01 1.374446785945534488e+00 2.471504977610577747e+00
9.047575323895165056e-01 1.570796326794896558e+00 2.471504977610577747e+00
9.047575323895165056e-01 1.767145867644258628e+00 2.471504977610577747e+00
9.047575323895165056e-01 1.963495408493620697e+00 2.471504977610577747e+00
9.047575323895165056e-01 2.159844949342982545e+00 2.471504977610577747e+00
9.047575323895165056e-01 2.356194490192344837e+00 2.471504977610577747e+00
9.047575323895165056e-01 2.552544031041707129e+00 2.471504977610577747e+00
9.047575323895165056e-01 2.748893571891068976e+00 2.471504977610577747e+00
9.047575323895165056e-01 2.945243112740430824e+00 2.471504977610577747e+00
9.047575323895165056e-01 3.141592653589793116e+00 2.471504977610577747e+00
9.047575323895165056e-01 3.337942194439155408e+00 2.471504977610577747e+00
9.047575323895165056e-01 3.534291735288517255e+00 2.471504977610577747e+00
9.047575323895165056e-01 3.730641276137879103e+00 2.471504977610577747e+00
9.047575323895165056e-01 3.926990816987241395e+00 2.471504977610577747e+00
9.047575323895165056e-01 4.123340357836603687e+00 2.471504977610577747e+00
9.047575323895165056e-01 4.319689898685965090e+00 2.471504977610577747e+00
9.047575323895165056e-01 4.516039439535327382e+00 2.471504977610577747e+00
9.047575323895165056e-01 4.712388980384689674e+00 2.471504977610577747e+00
9.047575323895165056e-01 4.908738521234051966e+00 2.471504977610577747e+00
9.047575323895165056e-01 5.105088062083414258e+00 2.471504977610577747e+00
9.047575323895165056e-01 5.301437602932775661e+00 2.471504977610577747e+00
9.047575323895165056e-01 5.497787143782137953e+00 2.471504977610577747e+00
9.047575323895165056e-01 5.694136684631500245e+00 2.471504977610577747e+00
9.047575323895165056e-01 5.890486225480861648e+00 2.471504977610577747e+00
9.047575323895165056e-01 6.086835766330223940e+00 2.471504977610577747e+00
1.095033401803444439e+00 0.000000000000000000e+00 1.832067110628911477e+00
1.095033401803444439e+00 1.963495408493620697e-01 1.832067110628911477e+00
1.095033401803444439e+00 3.926990816987241395e-01 1.832067110628911477e+00
1.095033401803444439e+00 5.890486225480862092e-01 1.832067110628911477e+00
1.095033401803444439e+00 7.853981633974482790e-01 1.832067110628911477e+00
1.095033401803444439e+00 9.817477042468103487e-01 1.832067110628911477e+00
1.095033401803444439e+00 1.178097245096172418e+00 1.832067110628911477e+00
1.095033401803444439e+00 1.374446785945534488e+00 1.832067110628911477e+00
1.095033401803444439e+00 1.570796326794896558e+00 1.832067110628911477e+00
1.095033401803444439e+00 1.767145867644258628e+00 1.832067110628911477e+00
1.095033401803444439e+00 1.963495408493620697e+00 1.832067110628911477e+00
1.095033401803444439e+00 2.159844949342982545e+00 1.832067110628911477e+00
1.095033401803444439e+00 2.356194490192344837e+00 1.832067110628911477e+00
1.095033401803444439e+00 2.552544031041707129e+00 1.832067110628911477e+00
1.095033401803444439e+00 2.748893571891068976e+00 1.832067110628911477e+00
1.095033401803444439e+00 2.945243112740430824e+00 1.832067110628911477e+00
1.095033401803444439e+00 3.141592653589793116e+00 1.832067110628911477e+00
1.095033401803444439e+00 3.337942194439155408e+00 1.832067110628911477e+00
1.095033401803444439e+00 3.534291735288517255e+00 1.832067110628911477e+00
1.095033401803444439e+00 3.730641276137879103e+00 1.832067110628911477e+00
1.095033401803444439e+00 3.926990816987241395e+00 1.832067110628911477e+00
1.095033401803444439e+00 4.123340357836603687e+00 1.832067110628911477e+00
1.095033401803444439e+00 4.319689898685965090e+00 1.832067110628911477e+00
1.095033401803444439e+00 4.516039439535327382e+00 1.832067110628911477e+00
1.095033401803444439e+00 4.712388980384689674e+00 1.832067110628911477e+00
1.095033401803444439e+00 4.908738521234051966e+00 1.832067110628911477e+00
1.095033401803444439e+00 5.105088062083414258e+00 1.832067110628911477e+00
1.095033401803444439e+00 5.301437602932775661e+00 1.832067110628911477e+00
1.095033401803444439e+00 5.497787143782137953e+00 1.832067110628911477e+00
1.095033401803444439e+00 5.694136684631500245e+00 1.832067110628911477e+00
1.095033401803444439e+00 5.890486225480861648e+00 1.832067110628911477e+00
1.095033401803444439e+00 6.086835766330223940e+00 1.832067110628911477e+00
1.285331444322965311e+00 0.000000000000000000e+00 1.126414203117036994e+00
1.285331444322965311e+00 1.963495408493620697e-01 1.126414203117036994e+00
1.285331444322965311e+00 3.926990816987241395e-01 1.126414203117036994e+00
1.285331444322965311e+00 5.890486225480862092e-01 1.126414203117036994e+00
1.285331444322965311e+00 7.853981633974482790e-01 1.126414203117036994e+00
1.285331444322965311e+00 9.817477042468103487e-01 1.126414203117036994e+00
1.285331444322965311e+00 1.178097245096172418e+00 1.126414203117036994e+00
1.285331444322965311e+00 1.374446785945534488e+00 1.126414203117036994e+00
1.285331444322965311e+00 1.570796326794896558e+00 1.126414203117036994e+00
1.285331444322965311e+00 1.767145867644258628e+00 1.126414203117036994e+00
1.285331444322965311e+00 1.963495408493620697e+00 1.126414203117036994e+00
1.285331444322965311e+00 2.159844949342982545e+00 1.126414203117036994e+00
1.285331444322965311e+00 2.356194490192344837e+00 1.126414203117036994e+00
1.285331444322965311e+00 2.552544031041707129e+00 1.126414203117036994e+00
1.285331444322965311e+00 2.748893571891068976e+00 1.126414203117036994e+00
1.285331444322965311e+00 2.945243112740430824e+00 1.126414203117036994e+00
1.285331444322965311e+00 3.141592653589793116e+00 1.126414203117036994e+00
1.285331444322965311e+00 3.337942194439155408e+00 1.126414203117036994e+00
1.285331444322965311e+00 3.534291735288517255e+00 1.126414203117036994e+00
1.285331444322965311e+00 3.730641276137879103e+00 1.126414203117036994e+00
1.285331444322965311e+00 3.926990816987241395e+00 1.126414203117036994e+00
1.285331444322965311e+00 4.123340357836603687e+00 1.126414203117036994e+00
1.285331444322965311e+00 4.319689898685965090e+00 1.126414203117036994e+00
1.285331444322965311e+00 4.516039439535327382e+00 1.126414203117036994e+00
1.285331444322965311e+00 4.712388980384689674e+00 1.126414203117036994e+00
1.285331444322965311e+00 4.908738521234051966e+00 1.126414203117036994e+00
1.285331444322965311e+00 5.105088062083414258e+00 1.126414203117036994e+00
1.285331444322965311e+00 5.301437602932775661e+00 1.126414203117036994e+00
1.285331444322965311e+00 5.497787143782137953e+00 1.126414203117036994e+00
1.285331444322965311e+00 5.694136684631500245e+00 1.126414203117036994e+00
1.285331444322965311e+00 5.890486225480861648e+00 1.126414203117036994e+00
1.285331444322965311e+00 6.086835766330223940e+00 1.126414203117036994e+00
1.475640280808194316e+00 0.000000000000000000e+00 3.800500393505502617e-01
1.475640280808194316e+00 1.963495408493620697e-01 3.800500393505502617e-01
1.475640280808194316e+00 3.926990816987241395e-01 3.800500393505502617e-01
1.475640280808194316e+00 5.890486225480862092e-01 3.800500393505502617e-01
1.475640280808194316e+00 7.853981633974482790e-01 3.800500393505502617e-01
1.475640280808194316e+00 9.817477042468103487e-01 3.800500393505502617e-01
1.475640280808194316e+00 1.178097245096172418e+00 3.800500393505502617e-01
1.475640280808194316e+00 1.374446785945534488e+00 3.800500393505502617e-01
1.475640280808194316e+00 1.570796326794896558e+00 3.800500393505502617e-01
1.475640280808194316e+00 1.767145867644258628e+00 3.800500393505502617e-01
1.475640280808194316e+00 1.963495408493620697e+00 3.800500393505502617e-01
1.475640280808194316e+00 2.159844949342982545e+00 3.800500393505502617e-01
1.475640280808194316e+00 2.356194490192344837e+00 3.800500393505502617e-01
1.475640280808194316e+00 2.552544031041707129e+00 3.800500393505502617e-01
1.475640280808194316e+00 2.748893571891068976e+00 3.800500393505502617e-01
1.475640280808194316e+00 2.945243112740430824e+00 3.800500393505502617e-01
1.475640280808194316e+00 3.141592653589793116e+00 3.800500393505502617e-01
1.475640280808194316e+00 3.337942194439155408e+00 3.800500393505502617e-01
1.475640280808194316e+00 3.534291735288517255e+00 3.800500393505502617e-01
1.475640280808194316e+00 3.730641276137879103e+00 3.800500393505502617e-01
1.475640280808194316e+00 3.926990816987241395e+00 3.800500393505502617e-01
1.475640280808194316e+00 4.123340357836603687e+00 3.800500393505502617e-01
1.475640280808194316e+00 4.319689898685965090e+00 3.800500393505502617e-01
1.475640280808194316e+00 4.516039439535327382e+00 3.800500393505502617e-01
1.475640280808194316e+00 4.712388980384689674e+00 3.800500393505502617e-01
1.475640280808194316e+00 4.908738521234051966e+00 3.800500393505502617e-01
1.475640280808194316e+00 5.105088062083414258e+00 3.800500393505502617e-01
1.475640280808194316e+00 5.301437602932775661e+00 3.800500393505502617e-01
1.475640280808194316e+00 5.497787143782137953e+00 3.800500393505502617e-01
1.475640280808194316e+00 5.694136684631500245e+00 3.800500393505502617e-01
1.475640280808194316e+00 5.890486225480861648e+00 3.800500393505502617e-01
1.475640280808194316e+00 6.086835766330223940e+00 3.800500393505502617e-01
1.665952372781599022e+00 0.000000000000000000e+00 -3.800500393505502617e-01
1.665952372781599022e+00 1.963495408493620697e-01 -3.800500393505502617e-01
1.665952372781599022e+00 3.926990816987241395e-01 -3.800500393505502617e-01
1.665952372781599022e+00 5.890486225480862092e-01 -3.800500393505502617e-01
1.665952372781599022e+00 7.853981633974482790e-01 -3.800500393505502617e-01
1.665952372781599022e+00 9.817477042468103487e-01 -3.800500393505502617e-01
1.665952372781599022e+00 1.178097245096172418e+00 -3.800500393505502617e-01
1.665952372781599022e+00 1.374446785945534488e+00 -3.800500393505502617e-01
1.665952372781599022e+00 1.570796326794896558e+00 -3.800500393505502617e-01
1.665952372781599022e+00 1.767145867644258628e+00 -3.800500393505502617e-01
1.665952372781599022e+00 1.963495408493620697e+00 -3.800500393505502617e-01
1.665952372781599022e+00 2.159844949342982545e+00 -3.800500393505502617e-01
1.665952372781599022e+00 2.356194490192344837e+00 -3.800500393505502617e-01
1.665952372781599022e+00 2.552544031041707129e+00 -3.800500393505502617e-01
1.665952372781599022e+00 2.748893571891068976e+00 -3.800500393505502617e-01
1.665952372781599022e+00 2.945243112740430824e+00 -3.800500393505502617e-01
1.665952372781599022e+00 3.141592653589793116e+00 -3.800500393505502617e-01
1.665952372781599022e+00 3.337942194439155408e+00 -3.800500393505502617e-01
1.665952372781599022e+00 3.534291735288517255e+00 -3.800500393505502617e-01
1.665952372781599022e+00 3.730641276137879103e+00 -3.800500393505502617e-01
1.665952372781599022e+00 3.926990816987241395e+00 -3.800500393505502617e-01
1.665952372781599022e+00 4.123340357836603687e+00 -3.800500393505502617e-01
1.665952372781599022e+00 4.319689898685965090e+00 -3.800500393505502617e-01
1.665952372781599022e+00 4.516039439535327382e+00 -3.800500393505502617e-01
1.665952372781599022e+00 4.712388980384689674e+00 -3.800500393505502617e-01
1.665952372781599022e+00 4.908738521234051966e+00 -3.800500393505502617e-01
1.665952372781599022e+00 5.105088062083414258e+00 -3.800500393505502617e-01
1.665952372781599022e+00 5.301437602932775661e+00 -3.800500393505502617e-01
1.665952372781599022e+00 5.497787143782137953e+00 -3.800500393505502617e-01
1.665952372781599022e+00 5.694136684631500245e+00 -3.800500393505502617e-01
1.665952372781599022e+00 5.890486225480861648e+00 -3.800500393505502617e-01
1.665952372781599022e+00 6.086835766330223940e+00 -3.800500393505502617e-01
1.856261209266828027e+00 0.000000000000000000e+00 -1.126414203117036994e+00
1.856261209266828027e+00 1.963495408493620697e-01 -1.126414203117036994e+00
1.856261209266828027e+00 3.926990816987241395e-01 -1.126414203117036994e+00
1.856261209266828027e+00 5.890486225480862092e-01 -1.126414203117036994e+00
1.856261209266828027e+00 7.853981633974482790e-01 -1.126414203117036994e+00
1.856261209266828027e+00 9.817477042468103487e-01 -1.126414203117036994e+00
1.856261209266828027e+00 1.178097245096172418e+00 -1.126414203117036994e+00
1.856261209266828027e+00 1.374446785945534488e+00 -1.126414203117036994e+00
1.856261209266828027e+00 1.570796326794896558e+00 -1.126414203117036994e+00
1.856261209266828027e+00 1.767145867644258628e+00 -1.126414203117036994e+00
1.856261209266828027e+00 1.963495408493620697e+00 -1.126414203117036994e+00
1.856261209266828027e+00 2.159844949342982545e+00 -1.126414203117036994e+00
1.856261209266828027e+00 2.356194490192344837e+00 -1.126414203117036994e+00
1.856261209266828027e+00 2.552544031041707129e+00 -1.126414203117036994e+00
1.856261209266828027e+00 2.748893571891068976e+00 -1.126414203117036994e+00
1.856261209266828027e+00 2.945243112740430824e+00 -1.126414203117036994e+00
1.856261209266828027e+00 3.141592653589793116e+00 -1.126414203117036994e+00
1.856261209266828027e+00 3.337942194439155408e+00 -1.126414203117036994e+00
1.856261209266828027e+00 3.534291735288517255e+00 -1.126414203117036994e+00
1.856261209266828027e+00 3.730641276137879103e+00 -1.126414203117036994e+00
1.856261209266828027e+00 3.926990816987241395e+00 -1.126414203117036994e+00
1.856261209266828027e+00 4.123340357836603687e+00 -1.126414203117036994e+00
1.856261209266828027e+00 4.319689898685965090e+00 -1.126414203117036994e+00
1.856261209266828027e+00 4.516039439535327382e+00 -1.126414203117036994e+00
1.856261209266828027e+00 4.712388980384689674e+00 -1.126414203117036994e+00
1.856261209266828027e+00 4.908738521234051966e+00 -1.126414203117036994e+00
1.856261209266828027e+00 5.105088062083414258e+00 -1.126414203117036994e+00
1.856261209266828027e+00 5.301437602932775661e+00 -1.126414203117036994e+00
1.856261209266828027e+00 5.497787143782137953e+00 -1.126414203117036994e+00
1.856261209266828027e+00 5.694136684631500245e+00 -1.126414203117036994e+00
1.856261209266828027e+00 5.890486225480861648e+00 -1.126414203117036994e+00
1.856261209266828027e+00 6.086835766330223940e+00 -1.126414203117036994e+00
2.046559251786348899e+00 0.000000000000000000e+00 -1.832067110628911477e+00
2.046559251786348899e+00 1.963495408493620697e-01 -1.832067110628911477e+00
2.046559251786348899e+00 3.926990816987241395e-01 -1.832067110628911477e+00
2.046559251786348899e+00 5.890486225480862092e-01 -1.832067110628911477e+00
2.046559251786348899e+00 7.853981633974482790e-01 -1.832067110628911477e+00
2.046559251786348899e+00 9.817477042468103487e-01 -1.832067110628911477e+00
2.046559251786348899e+00 1.178097245096172418e+00 -1.832067110628911477e+00
2.046559251786348899e+00 1.374446785945534488e+00 -1.832067110628911477e+00
2.046559251786348899e+00 1.570796326794896558e+00 -1.832067110628911477e+00
2.046559251786348899e+00 1.767145867644258628e+00 -1.832067110628911477e+00
2.046559251786348899e+00 1.963495408493620697e+00 -1.832067110628911477e+00
2.046559251786348899e+00 2.159844949342982545e+00 -1.832067110628911477e+00
2.046559251786348899e+00 2.356194490192344837e+00 -1.832067110628911477e+00
2.046559251786348899e+00 2.552544031041707129e+00 -1.832067110628911477e+00
2.046559251786348899e+00 2.748893571891068976e+00 -1.832067110628911477e+00
2.046559251786348899e+00 2.945243112740430824e+00 -1.832067110628911477e+00
2.046559251786348899e+00 3.141592653589793116e+00 -1.832067110628911477e+00
2.046559251786348899e+00 3.337942194439155408e+00 -1.832067110628911477e+00
2.046559251786348899e+00 3.534291735288517255e+00 -1.832067110628911477e+00
2.046559251786348899e+00 3.730641276137879103e+00 -1.832067110628911477e+00
2.046559251786348899e+00 3.926990816987241395e+00 -1.832067110628911477e+00
2.046559251786348899e+00 4.123340357836603687e+00 -1.832067110628911477e+00
2.046559251786348899e+00 4.319689898685965090e+00 -1.832067110628911477e+00
2.046559251786348899e+00 4.516039439535327382e+00 -1.832067110628911477e+00
2.046559251786348899e+00 4.712388980384689674e+00 -1.832067110628911477e+00
2.046559251786348899e+00 4.908738521234051966e+00 -1.832067110628911477e+00
2.046559251786348899e+00 5.105088062083414258e+00 -1.832067110628911477e+00
2.046559251786348899e+00 5.301437602932775661e+00 -1.832067110628911477e+00
2.046559251786348899e+00 5.497787143782137953e+00 -1.832067110628911477e+00
2.046559251786348899e+00 5.694136684631500245e+00 -1.832067110628911477e+00
2.046559251786348899e+00 5.890486225480861648e+00 -1.832067110628911477e+00
2.046559251786348899e+00 6.086835766330223940e+00 -1.832067110628911477e+00
2.236835121200276610e+00 0.000000000000000000e+00 -2.471504977610577747e+00
2.236835121200276610e+00 1.963495408493620697e-01 -2.471504977610577747e+00
2.236835121200276610e+00 3.926990816987241395e-01 -2.471504977610577747e+00
2.236835121200276610e+00 5.890486225480862092e-01 -2.471504977610577747e+00
2.236835121200276610e+00 7.853981633974482790e-01 -2.471504977610577747e+00
2.236835121200276610e+00 9.817477042468103487e-01 -2.471504977610577747e+00
2.236835121200276610e+00 1.178097245096172418e+00 -2.471504977610577747e+00
2.236835121200276610e+00 1.374446785945534488e+00 -2.471504977610577747e+00
2.236835121200276610e+00 1.570796326794896558e+00 -2.471504977610577747e+00
2.236835121200276610e+00 1.767145867644258628e+00 -2.471504977610577747e+00
2.236835121200276610e+00 1.963495408493620697e+00 -2.471504977610577747e+00
2.236835121200276610e+00 2.159844949342982545e+00 -2.471504977610577747e+00
2.236835121200276610e+00 2.356194490192344837e+00 -2.471504977610577747e+00
2.236835121200276610e+00 2.552544031041707129e+00 -2.471504977610577747e+00
2.236835121200276610e+00 2.748893571891068976e+00 -2.471504977610577747e+00
2.236835121200276610e+00 2.945243112740430824e+00 -2.471504977610577747e+00
2.236835121200276610e+00 3.141592653589793116e+00 -2.471504977610577747e+00
2.236835121200276610e+00 3.337942194439155408e+00 -2.471504977610577747e+00
2.236835121200276610e+00 3.534291735288517255e+00 -2.471504977610577747e+00
2.236835121200276610e+00 3.730641276137879103e+00 -2.471504977610577747e+00
2.236835121200276610e+00 3.926990816987241395e+00 -2.471504977610577747e+00
2.236835121200276610e+00 4.123340357836603687e+00 -2.471504977610577747e+00
2.236835121200276610e+00 4.319689898685965090e+00 -2.471504977610577747e+00
2.236835121200276610e+00 4.516039439535327382e+00 -2.471504977610577747e+00
2.236835121200276610e+00 4.712388980384689674e+00 -2.471504977610577747e+00
2.236835121200276610e+00 4.908738521234051966e+00 -2.471504977610577747e+00
2.236835121200276610e+00 5.105088062083414258e+00 -2.471504977610577747e+00
2.236835121200276610e+00 5.301437602932775661e+00 -2.471504977610577747e+00
2.236835121200276610e+00 5.497787143782137953e+00 -2.471504977610577747e+00
2.236835121200276610e+00 5.694136684631500245e+00 -2.471504977610577747e+00
2.236835121200276610e+00 5.890486225480861648e+00 -2.471504977610577747e+00
2.236835121200276610e+00 6.086835766330223940e+00 -2.471504977610577747e+00
2.427067400355768179e+00 0.000000000000000000e+00 -3.021617633420015991e+00
2.427067400355768179e+00 1.963495408493620697e-01 -3.021617633420015991e+00
2.427067400355768179e+00 3.926990816987241395e-01 -3.021617633420015991e+00
2.427067400355768179e+00 5.890486225480862092e-01 -3.021617633420015991e+00
2.427067400355768179e+00 7.853981633974482790e-01 -3.021617633420015991e+00
2.427067400355768179e+00 9.817477042468103487e-01 -3.021617633420015991e+00
2.427067400355768179e+00 1.178097245096172418e+00 -3.021617633420015991e+00
2.427067400355768179e+00 1.374446785945534488e+00 -3.021617633420015991e+00
2.427067400355768179e+00 1.570796326794896558e+00 -3.021617633420015991e+00
2.427067400355768179e+00 1.767145867644258628e+00 -3.021617633420015991e+00
2.427067400355768179e+00 1.963495408493620697e+00 -3.021617633420015991e+00
2.427067400355768179e+00 2.159844949342982545e+00 -3.021617633420015991e+00
2.427067400355768179e+00 2.356194490192344837e+00 -3.021617633420015991e+00
2.427067400355768179e+00 2.552544031041707129e+00 -3.021617633420015991e+00
2.427067400355768179e+00 2.748893571891068976e+00 -3.021617633420015991e+00
2.427067400355768179e+00 2.945243112740430824e+00 -3.021617633420015991e+00
2.427067400355768179e+00 3.141592653589793116e+00 -3.021617633420015991e+00
2.427067400355768179e+00 3.337942194439155408e+00 -3.021617633420015991e+00
2.427067400355768179e+00 3.534291735288517255e+00 -3.021617633420015991e+00
2.427067400355768179e+00 3.730641276137879103e+00 -3.021617633420015991e+00
2.427067400355768179e+00 3.926990816987241395e+00 -3.021617633420015991e+00
2.427067400355768179e+00 4.123340357836603687e+00 -3.021617633420015991e+00
2.427067400355768179e+00 4.319689898685965090e+00 -3.021617633420015991e+00
2.427067400355768179e+00 4.516039439535327382e+00 -3.021617633420015991e+00
2.427067400355768179e+00 4.712388980384689674e+00 -3.021617633420015991e+00
2.427067400355768179e+00 4.908738521234051966e+00 -3.021617633420015991e+00
2.427067400355768179e+00 5.105088062083414258e+00 -3.021617633420015991e+00
2.427067400355768179e+00 5.301437602932775661e+00 -3.021617633420015991e+00
2.427067400355768179e+00 5.497787143782137953e+00 -3.021617633420015991e+00
2.427067400355768179e+00 5.694136684631500245e+00 -3.021617633420015991e+00
2.427067400355768179e+00 5.890486225480861648e+00 -3.021617633420015991e+00
2.427067400355768179e+00 6.086835766330223940e+00 -3.021617633420015991e+00
2.617206012686199124e+00 0.000000000000000000e+00 -3.462524809551331018e+00
2.617206012686199124e+00 1.963495408493620697e-01 -3.462524809551331018e+00
2.617206012686199124e+00 3.926990816987241395e-01 -3.462524809551331018e+00
2.617206012686199124e+00 5.890486225480862092e-01 -3.462524809551331018e+00
2.617206012686199124e+00 7.853981633974482790e-01 -3.462524809551331018e+00
2.617206012686199124e+00 9.817477042468103487e-01 -3.462524809551331018e+00
2.617206012686199124e+00 1.178097245096172418e+00 -3.462524809551331018e+00
2.617206012686199124e+00 1.374446785945534488e+00 -3.462524809551331018e+00
2.617206012686199124e+00 1.570796326794896558e+00 -3.462524809551331018e+00
2.617206012686199124e+00 1.767145867644258628e+00 -3.462524809551331018e+00
2.617206012686199124e+00 1.963495408493620697e+00 -3.462524809551331018e+00
2.617206012686199124e+00 2.159844949342982545e+00 -3.462524809551331018e+00
2.617206012686199124e+00 2.356194490192344837e+00 -3.462524809551331018e+00
2.617206012686199124e+00 2.552544031041707129e+00 -3.462524809551331018e+00
2.617206012686199124e+00 2.748893571891068976e+00 -3.462524809551331018e+00
2.617206012686199124e+00 2.945243112740430824e+00 -3.462524809551331018e+00
2.617206012686199124e+00 3.141592653589793116e+00 -3.462524809551331018e+00
2.617206012686199124e+00 3.337942194439155408e+00 -3.462524809551331018e+00
2.617206012686199124e+00 3.534291735288517255e+00 -3.462524809551331018e+00
2.617206012686199124e+00 3.730641276137879103e+00 -3.462524809551331018e+00
2.617206012686199124e+00 3.926990816987241395e+00 -3.462524809551331018e+00
2.617206012686199124e+00 4.123340357836603687e+00 -3.462524809551331018e+00
2.617206012686199124e+00 4.319689898685965090e+00 -3.462524809551331018e+00
2.617206012686199124e+00 4.516039439535327382e+00 -3.462524809551331018e+00
2.617206012686199124e+00 4.712388980384689674e+00 -3.462524809551331018e+00
2.617206012686199124e+00 4.908738521234051966e+00 -3.462524809551331018e+00
2.617206012686199124e+00 5.105088062083414258e+00 -3.462524809551331018e+00
2.617206012686199124e+00 5.301437602932775661e+00 -3.462524809551331018e+00
2.617206012686199124e+00 5.497787143782137953e+00 -3.462524809551331018e+00
2.617206012686199124e+00 5.694136684631500245e+00 -3.462524809551331018e+00
2.617206012686199124e+00 5.890486225480861648e+00 -3.462524809551331018e+00
2.617206012686199124e+00 6.086835766330223940e+00 -3.462524809551331018e+00
2.807094014902164147e+00 0.000000000000000000e+00 -3.778300092292934842e+00
2.807094014902164147e+00 1.963495408493620697e-01 -3.778300092292934842e+00
2.807094014902164147e+00 3.926990816987241395e-01 -3.778300092292934842e+00
2.807094014902164147e+00 5.890486225480862092e-01 -3.778300092292934842e+00
2.807094014902164147e+00 7.853981633974482790e-01 -3.778300092292934842e+00
2.807094014902164147e+00 9.817477042468103487e-01 -3.778300092292934842e+00
2.807094014902164147e+00 1.178097245096172418e+00 -3.778300092292934842e+00
2.807094014902164147e+00 1.374446785945534488e+00 -3.778300092292934842e+00
2.807094014902164147e+00 1.570796326794896558e+00 -3.778300092292934842e+00
2.807094014902164147e+00 1.767145867644258628e+00 -3.778300092292934842e+00
2.807094014902164147e+00 1.963495408493620697e+00 -3.778300092292934842e+00
2.807094014902164147e+00 2.159844949342982545e+00 -3.778300092292934842e+00
2.807094014902164147e+00 2.356194490192344837e+00 -3.778300092292934842e+00
2.807094014902164147e+00 2.552544031041707129e+00 -3.778300092292934842e+00
2.807094014902164147e+00 2.748893571891068976e+00 -3.778300092292934842e+00
2.807094014902164147e+00 2.945243112740430824e+00 -3.778300092292934842e+00
2.807094014902164147e+00 3.141592653589793116e+00 -3.778300092292934842e+00
2.807094014902164147e+00 3.337942194439155408e+00 -3.778300092292934842e+00
2.807094014902164147e+00 3.534291735288517255e+00 -3.778300092292934842e+00
2.807094014902164147e+00 3.730641276137879103e+00 -3.778300092292934842e+00
2.807094014902164147e+00 3.926990816987241395e+00 -3.778300092292934842e+00
2.807094014902164147e+00 4.123340357836603687e+00 -3.778300092292934842e+00
2.807094014902164147e+00 4.319689898685965090e+00 -3.778300092292934842e+00
2.807094014902164147e+00 4.516039439535327382e+00 -3.778300092292934842e+00
2.807094014902164147e+00 4.712388980384689674e+00 -3.778300092292934842e+00
2.807094014902164147e+00 4.908738521234051966e+00 -3.778300092292934842e+00
2.807094014902164147e+00 5.105088062083414258e+00 -3.778300092292934842e+00
2.807094014902164147e+00 5.301437602932775661e+00 -3.778300092292934842e+00
2.807094014902164147e+00 5.497787143782137953e+00 -3.778300092292934842e+00
2.807094014902164147e+00 5.694136684631500245e+00 -3.778300092292934842e+00
2.807094014902164147e+00 5.890486225480861648e+00 -3.778300092292934842e+00
2.807094014902164147e+00 6.086835766330223940e+00 -3.778300092292934842e+00
2.995867971586119616e+00 0.000000000000000000e+00 -3.957603739966604639e+00
2.995867971586119616e+00 1.963495408493620697e-01 -3.957603739966604639e+00
2.995867971586119616e+00 3.926990816987241395e-01 -3.957603739966604639e+00
2.995867971586119616e+00 5.890486225480862092e-01 -3.957603739966604639e+00
2.995867971586119616e+00 7.853981633974482790e-01 -3.957603739966604639e+00
2.995867971586119616e+00 9.817477042468103487e-01 -3.957603739966604639e+00
2.995867971586119616e+00 1.178097245096172418e+00 -3.957603739966604639e+00
2.995867971586119616e+00 1.374446785945534488e+00 -3.957603739966604639e+00
2.995867971586119616e+00 1.570796326794896558e+00 -3.957603739966604639e+00
2.995867971586119616e+00 1.767145867644258628e+00 -3.957603739966604639e+00
2.995867971586119616e+00 1.963495408493620697e+00 -3.957603739966604639e+00
2.995867971586119616e+00 2.159844949342982545e+00 -3.957603739966604639e+00
2.995867971586119616e+00 2.356194490192344837e+00 -3.957603739966604639e+00
2.995867971586119616e+00 2.552544031041707129e+00 -3.957603739966604639e+00
2.995867971586119616e+00 2.748893571891068976e+00 -3.957603739966604639e+00
2.995867971586119616e+00 2.945243112740430824e+00 -3.957603739966604639e+00
2.995867971586119616e+00 3.141592653589793116e+00 -3.957603739966604639e+00
2.995867971586119616e+00 3.337942194439155408e+00 -3.957603739966604639e+00
2.995867971586119616e+00 3.534291735288517255e+00 -3.957603739966604639e+00
2.995867971586119616e+00 3.730641276137879103e+00 -3.957603739966604639e+00
2.995867971586119616e+00 3.926990816987241395e+00 -3.957603739966604639e+00
2.995867971586119616e+00 4.123340357836603687e+00 -3.957603739966604639e+00
2.995867971586119616e+00 4.319689898685965090e+00 -3.957603739966604639e+00
2.995867971586119616e+00 4.516039439535327382e+00 -3.957603739966604639e+00
2.995867971586119616e+00 4.712388980384689674e+00 -3.957603739966604639e+00
2.995867971586119616e+00 4.908738521234051966e+00 -3.957603739966604639e+00
2.995867971586119616e+00 5.105088062083414258e+00 -3.957603739966604639e+00
2.995867971586119616e+00 5.301437602932775661e+00 -3.957603739966604639e+00
2.995867971586119616e+00 5.497787143782137953e+00 -3.957603739966604639e+00
2.995867971586119616e+00 5.694136684631500245e+00 -3.957603739966604639e+00
2.995867971586119616e+00 5.890486225480861648e+00 -3.957603739966604639e+00
2.995867971586119616e+00 6.086835766330223940e+00 -3.957603739966604639e+00
